initialization: 
wirelength_0 =  378.3237879622476
objective_0 =  9044.832757808968
overflow_ratio_0 =  0.22955852469342897 

iteration 0: 
wirelength_0 =  403.15238838265986
objective_0 =  7200.791537610345
overflow_ratio_0 =  0.20839625408249784 

iteration 1: 
wirelength_0 =  437.7552669165293
objective_0 =  5461.648657466016
overflow_ratio_1 =  0.17968823627312344 

iteration 2: 
wirelength_0 =  456.3533700631343
objective_0 =  4327.570935671312
overflow_ratio_2 =  0.16312717203089055 

iteration 3: 
wirelength_0 =  479.6932940823621
objective_0 =  3450.109360052102
overflow_ratio_3 =  0.1438182118265987 

iteration 4: 
wirelength_0 =  486.6981044683052
objective_0 =  2869.903483335295
overflow_ratio_4 =  0.1344387727043631 

iteration 5: 
wirelength_0 =  482.1075033957975
objective_0 =  2488.4342721107573
overflow_ratio_5 =  0.1273449318237037 

iteration 6: 
wirelength_0 =  472.87740147493736
objective_0 =  2198.5372707378006
overflow_ratio_6 =  0.11948395499415765 

iteration 7: 
wirelength_0 =  463.81926172159
objective_0 =  1968.4683460533527
overflow_ratio_7 =  0.10996394988562691 

iteration 8: 
wirelength_0 =  454.71490461107356
objective_0 =  1792.7156347138398
overflow_ratio_8 =  0.10082123092305567 

iteration 9: 
wirelength_0 =  449.9586837729042
objective_0 =  1639.2924201890146
overflow_ratio_9 =  0.09093876255875484 

iteration 10: 
wirelength_0 =  442.3702106853391
objective_0 =  1501.6404110811798
overflow_ratio_10 =  0.08152545239159122 

iteration 11: 
wirelength_0 =  430.65411473745627
objective_0 =  1404.9629206329068
overflow_ratio_11 =  0.0751141881948676 

iteration 12: 
wirelength_0 =  421.3427025336363
objective_0 =  1313.460452024386
overflow_ratio_12 =  0.06790567187161346 

iteration 13: 
wirelength_0 =  413.2163849305916
objective_0 =  1257.3032845119274
overflow_ratio_13 =  0.06352157754891744 

iteration 14: 
wirelength_0 =  405.3903290643788
objective_0 =  1194.8457981345698
overflow_ratio_14 =  0.05703732544705686 

iteration 15: 
wirelength_0 =  401.90886722766277
objective_0 =  1152.8367784163106
overflow_ratio_15 =  0.05287479311194909 

iteration 16: 
wirelength_0 =  398.280496025596
objective_0 =  1106.132941184572
overflow_ratio_16 =  0.04822974679769471 

iteration 17: 
wirelength_0 =  397.38910737818065
objective_0 =  1073.3080754605248
overflow_ratio_17 =  0.04395847374896727 

iteration 18: 
wirelength_0 =  398.95122967366495
objective_0 =  1042.5848358889032
overflow_ratio_18 =  0.03979613355309376 

iteration 19: 
wirelength_0 =  389.2367222355263
objective_0 =  1013.2249823077486
overflow_ratio_19 =  0.03751263271264509 

iteration 20: 
wirelength_0 =  392.6626494759304
objective_0 =  983.9382341216179
overflow_ratio_20 =  0.033431726925807516 

iteration 21: 
wirelength_0 =  392.2560497209191
objective_0 =  940.9085858332211
overflow_ratio_21 =  0.026450268746611858 

iteration 22: 
wirelength_0 =  387.72506801108193
objective_0 =  902.9514688767663
overflow_ratio_22 =  0.022232841431430717 

iteration 23: 
wirelength_0 =  389.7510694080366
objective_0 =  893.8719221455851
overflow_ratio_23 =  0.021815971603308854 

iteration 24: 
wirelength_0 =  393.6155182059762
objective_0 =  896.3277171000193
overflow_ratio_24 =  0.021772246269386675 

